t_125_15_p0000(1,:) = [0.53255206, 0.50130206, 0.42708334, 0.9739583, 1.0, 0.51432294, 0.98828125, 0.47135416, 0.4921875, 0.5, 0.87630206, 0.78255206, 1.0, 0.86067706, 0.7161458, 0.4609375, 0.47265625, 0.53255206, 0.45703125, 0.7239583, 1.0, 0.88671875, 0.8541667, 0.52994794, 0.4908854, 0.58463544, 0.97265625, 0.55598956, 0.52473956, 0.4921875, 0.61848956, 0.9088542, 0.484375, 0.484375, 0.4765625, 0.5, 0.94140625, 0.48828125, 0.4375, 0.48046875, 0.5078125, 0.44791666, 0.4622396, 0.48958334, 0.60807294, 1.0, 0.97526044, 0.53255206, 0.9921875, 0.55338544, 0.9166667, 0.78776044, 0.48697916, 0.46614584, 0.5338542, 0.4856771, 0.4453125, 0.9114583, 0.99088544, 0.48177084, 0.44140625, 0.88151044, 0.4921875, 0.51171875, 0.4921875, 0.5416667, 0.90755206, 1.0, 0.52734375, 0.98828125, 0.5, 0.453125, 0.59505206, 1.0, 0.5182292, 0.48177084, 0.4752604, 0.4609375, 0.50911456, 0.44140625, 0.4622396, 0.49739584, 0.6197917, 0.5, 0.52734375, 0.47395834, 0.5364583, 0.51432294, 0.50130206, 0.7083333, 0.8098958, 0.4518229, 0.65625, 1.0, 0.9453125, 0.453125, 0.5572917, 0.8046875, 0.5755208, 0.48697916];
t_125_15_p0000(2,:) = [0.7832031, 0.8046875, 0.79296875, 0.9355469, 0.9765625, 0.7363281, 0.9433594, 0.72265625, 0.7753906, 0.7128906, 0.92578125, 0.8378906, 0.96484375, 0.9003906, 0.8535156, 0.69140625, 0.7265625, 0.6796875, 0.6972656, 0.83984375, 0.99609375, 0.8730469, 0.87890625, 0.671875, 0.68359375, 0.7636719, 0.9628906, 0.76171875, 0.7441406, 0.7402344, 0.82421875, 0.9355469, 0.8535156, 0.74609375, 0.76171875, 0.6894531, 0.9140625, 0.765625, 0.7363281, 0.8183594, 0.7246094, 0.78515625, 0.7871094, 0.72265625, 0.80859375, 0.9980469, 0.9511719, 0.80078125, 0.9433594, 0.7988281, 0.96484375, 0.8496094, 0.75, 0.7949219, 0.7753906, 0.75390625, 0.796875, 0.9238281, 0.9550781, 0.6191406, 0.72265625, 0.8886719, 0.82421875, 0.7285156, 0.78125, 0.80859375, 0.8652344, 0.9082031, 0.6953125, 0.96875, 0.7246094, 0.80078125, 0.8105469, 1.0, 0.74609375, 0.7324219, 0.7675781, 0.71484375, 0.77734375, 0.78125, 0.734375, 0.6953125, 0.7324219, 0.7480469, 0.7675781, 0.7558594, 0.7949219, 0.75, 0.8203125, 0.85546875, 0.8417969, 0.81640625, 0.77734375, 0.9863281, 0.9082031, 0.7128906, 0.78125, 0.80859375, 0.81640625, 0.75390625];
t_250_15_p0000(1,:) = [0.9114583, 0.54036456, 0.5104167, 0.53125, 0.93098956, 0.7317708, 0.4205729, 0.5677083, 0.94921875, 0.61328125, 0.95442706, 0.7682292, 0.9947917, 0.7604167, 0.51432294, 0.6510417, 0.6640625, 0.99348956, 0.8489583, 0.4453125, 0.96223956, 0.5, 0.4752604, 0.9427083, 0.6145833, 0.51171875, 0.74348956, 0.8229167, 0.9713542, 0.86848956, 0.52734375, 0.48958334, 0.95442706, 0.97786456, 0.4596354, 0.7005208, 0.87630206, 0.4921875, 0.43359375, 0.99869794, 0.4986979, 0.93880206, 1.0, 0.9947917, 0.578125, 1.0, 0.44010416, 0.92057294, 0.92578125, 0.92317706, 0.49739584, 0.6223958, 0.4596354, 0.8203125, 0.5260417, 0.9895833, 0.93098956, 0.4921875, 0.9947917, 0.48828125, 0.8229167, 0.6171875, 0.78515625, 0.9713542, 0.5807292, 0.47395834, 0.4908854, 0.50651044, 0.5052083, 0.4921875, 0.4622396, 0.48046875, 0.9583333, 0.46354166, 1.0, 0.46875, 0.49739584, 0.91276044, 0.8802083, 0.91015625, 0.8098958, 0.93880206, 0.98046875, 0.6484375, 0.86067706, 0.4544271, 0.5182292, 0.59505206, 0.44791666, 0.53125, 1.0, 1.0, 0.4596354, 0.453125, 0.9973958, 0.97005206, 0.92838544, 0.6640625, 0.4453125, 0.9947917];
t_250_15_p0000(2,:) = [0.9785156, 0.7871094, 0.8417969, 0.8066406, 0.9902344, 0.8378906, 0.7558594, 0.87890625, 0.94140625, 0.84765625, 0.9589844, 0.890625, 0.9941406, 0.89453125, 0.734375, 0.8613281, 0.7910156, 0.9941406, 0.90234375, 0.7167969, 0.9921875, 0.71875, 0.7675781, 0.9296875, 0.8144531, 0.82421875, 0.8066406, 0.8769531, 0.9667969, 0.90625, 0.8183594, 0.7597656, 0.9375, 0.9667969, 0.8105469, 0.87890625, 0.9140625, 0.7890625, 0.7167969, 0.9707031, 0.6972656, 0.9667969, 0.9921875, 0.9765625, 0.8105469, 1.0, 0.765625, 0.9667969, 0.9511719, 0.9902344, 0.7402344, 0.7832031, 0.70703125, 0.828125, 0.7402344, 0.9824219, 0.9238281, 0.8359375, 1.0, 0.73046875, 0.91796875, 0.7578125, 0.875, 0.98046875, 0.79296875, 0.76171875, 0.7714844, 0.7207031, 0.76953125, 0.71484375, 0.7402344, 0.6972656, 0.9375, 0.67578125, 0.9902344, 0.7207031, 0.81640625, 0.9765625, 0.95703125, 0.9238281, 0.8515625, 0.9042969, 0.984375, 0.78515625, 0.8457031, 0.66796875, 0.78515625, 0.7324219, 0.7753906, 0.7636719, 0.94921875, 0.984375, 0.7871094, 0.73828125, 0.9707031, 0.97265625, 0.9316406, 0.84375, 0.8574219, 0.984375];
t_375_15_p0000(1,:) = [0.5078125, 0.51432294, 0.48046875, 1.0, 0.4986979, 1.0, 0.92838544, 0.7630208, 0.54557294, 1.0, 0.73567706, 0.89453125, 0.49479166, 1.0, 0.5833333, 0.71744794, 0.5390625, 0.6197917, 1.0, 0.44010416, 0.55078125, 0.46484375, 0.78255206, 0.6614583, 0.50911456, 0.9921875, 0.42447916, 0.47135416, 1.0, 0.86588544, 0.78515625, 0.95442706, 1.0, 0.4934896, 0.99609375, 0.9010417, 0.49739584, 0.54557294, 0.8880208, 0.4921875, 0.99348956, 0.93619794, 1.0, 0.98828125, 0.8776042, 0.7786458, 0.99088544, 0.53776044, 0.4765625, 0.99088544, 0.96875, 0.96744794, 0.53125, 0.8567708, 0.79296875, 0.99348956, 0.47395834, 0.92317706, 0.484375, 0.53515625, 0.4544271, 1.0, 0.4765625, 0.4700521, 0.9973958, 0.6380208, 1.0, 0.9973958, 0.484375, 0.57942706, 0.96875, 0.9114583, 0.9869792, 0.46875, 1.0, 1.0, 1.0, 0.57942706, 0.48828125, 0.765625, 0.51171875, 0.6432292, 0.4453125, 0.7447917, 0.67317706, 0.796875, 1.0, 0.47135416, 0.5755208, 0.5234375, 0.49609375, 0.77994794, 0.6197917, 0.86067706, 0.9322917, 0.8932292, 0.5364583, 0.45572916, 0.4830729, 1.0];
t_375_15_p0000(2,:) = [0.69921875, 0.80078125, 0.71875, 0.9863281, 0.74609375, 0.99609375, 0.9433594, 0.9355469, 0.73046875, 1.0, 0.8535156, 0.9003906, 0.6796875, 0.9902344, 0.7792969, 0.7578125, 0.7402344, 0.8105469, 1.0, 0.74609375, 0.76171875, 0.625, 0.875, 0.7246094, 0.7421875, 0.96484375, 0.8105469, 0.7714844, 0.94921875, 0.890625, 0.9160156, 0.9746094, 0.99609375, 0.8300781, 0.98046875, 0.8984375, 0.796875, 0.7675781, 0.8925781, 0.7089844, 0.9863281, 0.921875, 0.984375, 0.9863281, 0.8769531, 0.85546875, 0.98828125, 0.8066406, 0.6308594, 0.921875, 0.96875, 0.9863281, 0.78515625, 0.8847656, 0.8828125, 0.953125, 0.8222656, 0.9003906, 0.7421875, 0.7753906, 0.76171875, 0.9863281, 0.7792969, 0.6972656, 0.9941406, 0.7402344, 0.98828125, 0.9921875, 0.79296875, 0.80859375, 0.9394531, 0.95703125, 0.99609375, 0.6484375, 1.0, 0.99609375, 0.9863281, 0.69921875, 0.71875, 0.7246094, 0.7871094, 0.8339844, 0.66015625, 0.87109375, 0.84765625, 0.8652344, 1.0, 0.7480469, 0.6113281, 0.60546875, 0.734375, 0.81640625, 0.7734375, 0.90234375, 0.9921875, 0.9199219, 0.7871094, 0.7441406, 0.796875, 0.96875];
t_500_10_p0000(1,:) = [0.90234375, 0.90755206, 0.9713542, 0.484375, 0.46875, 0.98046875, 0.56901044, 0.5260417, 0.5052083, 0.9973958, 0.45833334, 0.48828125, 0.4622396, 0.4596354, 0.61328125, 1.0, 1.0, 0.4453125, 0.43229166, 0.74088544, 0.4778646, 0.9765625, 0.6744792, 0.9713542, 0.5260417, 0.9895833, 0.8359375, 0.50651044, 0.9791667, 0.90234375, 0.98307294, 0.71484375, 0.4765625, 0.98046875, 0.4934896, 1.0, 0.4830729, 0.57161456, 0.765625, 0.91796875, 0.5182292, 0.8385417, 0.44010416, 0.5677083, 1.0, 0.88411456, 1.0, 0.9895833, 0.8385417, 0.99609375, 0.9921875, 0.99869794, 0.76171875, 1.0, 0.47135416, 0.77994794, 0.9817708, 0.8723958, 0.4518229, 0.46354166, 0.62109375, 0.46354166, 1.0, 1.0, 0.5026042, 0.8255208, 0.93619794, 1.0, 0.45052084, 0.6640625, 1.0, 0.8177083, 0.51171875, 0.8880208, 1.0, 0.5755208, 1.0, 0.578125, 0.86067706, 0.4361979, 0.4518229, 0.97526044, 0.72265625, 0.82682294, 0.9296875, 0.8828125, 0.92317706, 0.9895833, 0.51692706, 0.50651044, 0.50651044, 0.63671875, 0.61328125, 0.54296875, 0.7864583, 0.4609375, 0.77473956, 0.4856771, 0.78776044, 0.6197917];
