function analyze()
parity_train_generic = [1.0, 1.0, 0.96875, 1.0, 1.0, 0.53125, 0.90625, 1.0, 1.0, 0.96875, 1.0, 0.96875, 0.90625, 0.96875, 0.96875, 1.0, 0.96875, 0.90625, 0.9375, 1.0, 0.96875, 1.0, 0.71875, 1.0, 1.0, 1.0, 0.96875, 1.0, 0.96875, 1.0, 1.0, 0.90625, 1.0, 0.53125, 0.96875, 0.53125, 1.0, 1.0, 1.0, 0.71875, 1.0, 0.65625, 1.0, 0.96875, 0.53125, 0.875, 0.96875, 0.96875, 1.0, 1.0, 0.75, 1.0, 1.0, 1.0, 0.53125, 1.0, 0.96875, 1.0, 1.0, 0.90625, 1.0, 1.0, 1.0, 1.0, 0.84375, 1.0, 1.0, 1.0, 1.0, 0.96875, 1.0, 1.0, 1.0, 0.71875, 0.96875, 0.96875, 0.96875, 1.0, 0.90625, 1.0, 0.8125, 1.0, 1.0, 0.71875, 0.71875, 1.0, 1.0, 1.0, 1.0, 0.53125, 0.53125, 1.0, 0.96875, 1.0, 1.0, 1.0, 1.0, 1.0, 1.0, 1.0];
parity_train_sdrnn = [1.0, 1.0, 1.0, 1.0, 0.9375, 1.0, 0.96875, 1.0, 1.0, 0.96875, 1.0, 1.0, 1.0, 1.0, 1.0, 1.0, 1.0, 1.0, 1.0, 1.0, 1.0, 0.9375, 0.84375, 0.75, 0.96875, 1.0, 0.96875, 1.0, 0.96875, 0.96875, 1.0, 0.84375, 1.0, 0.96875, 1.0, 1.0, 1.0, 1.0, 1.0, 1.0, 1.0, 1.0, 0.96875, 1.0, 0.9375, 1.0, 0.9375, 1.0, 0.96875, 0.96875, 0.9375, 1.0, 1.0, 1.0, 1.0, 1.0, 0.96875, 1.0, 0.96875, 1.0, 1.0, 1.0, 1.0, 1.0, 1.0, 0.96875, 1.0, 1.0, 1.0, 0.84375, 1.0, 0.90625, 1.0, 1.0, 1.0, 1.0, 1.0, 1.0, 0.96875, 0.90625, 1.0, 1.0, 1.0, 1.0, 0.8125, 0.96875, 1.0, 0.96875, 1.0, 1.0, 1.0, 0.96875, 0.96875, 1.0, 1.0, 1.0, 0.78125, 1.0, 1.0, 1.0];
%Attractor dynamics trained based on prediction error
parity_train_rnn_plus_attr =  [1.0, 0.5, 1.0, 0.53125, 1.0, 0.6875, 1.0, 0.71875, 0.625, 0.5, 0.625, 1.0, 0.5, 0.875, 0.5, 1.0, 0.5, 0.5, 0.625, 0.53125, 0.53125, 0.6875, 1.0, 0.53125, 0.5, 0.53125, 0.53125, 1.0, 0.5, 1.0, 1.0, 0.5, 0.5, 0.5, 1.0, 0.5, 1.0, 1.0, 0.96875, 1.0, 1.0, 1.0, 1.0, 1.0, 1.0, 1.0, 0.6875, 1.0, 0.53125, 0.71875, 1.0, 0.5, 1.0, 0.6875, 0.53125, 0.53125, 1.0, 0.8125, 1.0, 1.0, 1.0, 1.0, 0.5, 1.0, 1.0, 1.0, 0.65625, 1.0, 1.0, 0.53125, 0.5, 1.0, 1.0, 0.5, 0.75, 0.78125, 1.0, 0.59375, 0.53125, 0.65625, 0.5, 0.5, 0.75, 0.90625, 0.5, 0.5, 1.0, 0.53125, 0.5, 0.625, 0.5, 0.5625, 0.5, 0.65625, 1.0, 1.0, 0.71875, 0.5, 1.0, 1.0];

majority_test_generic = [0.93303573, 0.80505955, 0.8732639, 0.89508927, 0.94915676, 0.51041669, 0.86235118, 0.94717264, 0.84052581, 0.94866073, 0.88640875, 0.93998015, 0.89930558, 0.83680558, 0.84722221, 0.83333331, 0.87400794, 0.91145831, 0.91914684, 0.87872022, 0.81349206, 0.81051588, 0.91418654, 0.92807537, 0.88442463, 0.56994045, 0.91220236, 0.91493058, 0.76190478, 0.91716272, 0.89880955, 0.93725199, 0.92162699, 0.9464286, 0.91765875, 0.94345236, 0.90724206, 0.8660714, 0.90897816, 0.87152779, 0.88690478, 0.87127978, 0.91493058, 0.8660714, 0.95882934, 0.81175596, 0.890625, 0.86235118, 0.82390875, 0.87351191, 0.86954367, 0.88144839, 0.94543654, 0.88467264, 0.82266867, 0.91964287, 0.52281743, 0.6857639, 0.91716272, 0.93278772, 0.84027779, 0.52405757, 0.9375, 0.95114088, 0.85863096, 0.53670633, 0.92063493, 0.89831346, 0.96155757, 0.86483133, 0.56870037, 0.87276787, 0.93898809, 0.90079367, 0.89806545, 0.96279764, 0.90401787, 0.89459324, 0.92509919, 0.88095236, 0.86061507, 0.8856647, 0.92485118, 0.92832339, 0.51835316, 0.90699404, 0.92906743, 0.91964287, 0.58134919, 0.93998015, 0.8973214, 0.85019839, 0.8330853, 0.89211309, 0.92509919, 0.87723213, 0.85615081, 0.93055558, 0.91369045, 0.96875];

majority_test_sdrnn = [0.94221228, 0.94196427, 0.91443455, 0.82465279, 0.91840279, 0.94072419, 0.92931545, 0.87425596, 0.93551588, 0.9754464, 0.94270831, 0.76488096, 0.92881942, 0.91840279, 0.95213294, 0.90153772, 0.88665676, 0.90029764, 0.89136904, 0.8923611, 0.91021824, 0.90376985, 0.97445434, 0.95213294, 0.92038691, 0.93129963, 0.86334324, 0.890625, 0.88368058, 0.93799603, 0.90600199, 0.96974206, 0.89682537, 0.97842264, 0.93675596, 0.89484125, 0.8973214, 0.88343257, 0.93278772, 0.88764882, 0.95610118, 0.93427581, 0.89980161, 0.94990081, 0.91468257, 0.98859125, 0.85119045, 0.88715279, 0.91617066, 0.93353176, 0.85515875, 0.9704861, 0.96453375, 0.87599206, 0.9308036, 0.89781743, 0.59325397, 0.92509919, 0.95014882, 0.51537699, 0.92336309, 0.85515875, 0.96825397, 0.90972221, 0.94866073, 0.78645831, 0.91269839, 0.89533728, 0.91393846, 0.8767361, 0.87475199, 0.6200397, 0.95238096, 0.89583331, 0.90079367, 0.94568455, 0.93998015, 0.97222221, 0.90153772, 0.88740081, 0.79786706, 0.91319442, 0.87872022, 0.90376985, 0.98487103, 0.91617066, 0.97792661, 0.89831346, 0.89459324, 0.97098213, 0.98363096, 0.94990081, 0.5329861, 0.98660713, 0.86160713, 0.90228176, 0.97594243, 0.90525794, 0.95238096, 0.95585316];

majority_test_rnn_plus_attr = [0.89533728, 0.71403772, 0.61061507, 0.83829367, 0.93874007, 0.56001985, 0.89434522, 0.7705853, 0.8348214, 0.96750993, 0.84375, 0.85615081, 0.62301588, 0.82192463, 0.79637897, 0.90848213, 0.90178573, 0.82390875, 0.85119045, 0.76314485, 0.90749007, 0.93179566, 0.87400794, 0.94717264, 0.9620536, 0.92212301, 0.87202382, 0.92881942, 0.55704367, 0.93625993, 0.78745037, 0.88616073, 0.92311507, 0.88095236, 0.65575397, 0.89186507, 0.9169147, 0.69841272, 0.91344243, 0.87872022, 0.8504464, 0.62772816, 0.88219243, 0.91468257, 0.86036706, 0.81870037, 0.80952382, 0.85317463, 0.63814485, 0.88715279, 0.86259919, 0.8839286, 0.91468257, 0.82787699, 0.85639882, 0.703125, 0.69345236, 0.6736111, 0.8018353, 0.92757934, 0.8526786, 0.85739088, 0.89335316, 0.92633927, 0.89136904, 0.5691964, 0.88343257, 0.9268353, 0.93005955, 0.96230161, 0.62425596, 0.77752978, 0.92584324, 0.90476191, 0.88839287, 0.62177581, 0.49652779, 0.84771824, 0.80332339, 0.70386904, 0.91567463, 0.71750993, 0.91071427, 0.87251985, 0.73115081, 0.5848214, 0.91393846, 0.80431545, 0.60143846, 0.91443455, 0.55828375, 0.85887897, 0.85912699, 0.89682537, 0.91195434, 0.89409721, 0.87425596, 0.87475199, 0.92460316, 0.71527779];

reber_test_generic=[0.93699998, 0.86250001, 0.80400002, 0.85900003, 0.86250001, 0.86549997, 0.83749998, 0.83899999, 0.82499999, 0.63550001, 0.87150002, 0.88749999, 0.79400003, 0.92650002, 0.82999998, 0.82200003, 0.79750001, 0.8355, 0.88300002, 0.81099999, 0.82950002, 0.8955, 0.78250003, 0.847, 0.80549997, 0.84899998, 0.81900001, 0.8775, 0.8495, 0.91649997, 0.85250002, 0.83749998, 0.83050001, 0.86049998, 0.87449998, 0.82999998, 0.7755, 0.85500002, 0.801, 0.84850001, 0.9005, 0.84500003, 0.90149999, 0.85250002, 0.847, 0.83700001, 0.86549997, 0.86000001, 0.92699999, 0.87300003, 0.88450003, 0.7985, 0.83249998, 0.838, 0.86199999, 0.8545, 0.73299998, 0.49900001, 0.90200001, 0.89249998, 0.75599998, 0.62150002, 0.80500001, 0.85799998, 0.82800001, 0.78799999, 0.82999998, 0.81599998, 0.866, 0.83950001, 0.88599998, 0.91500002, 0.80599999, 0.91350001, 0.93900001, 0.88450003, 0.78149998, 0.83850002, 0.84200001, 0.72750002, 0.9285, 0.85500002, 0.80449998, 0.80900002, 0.86750001, 0.88999999, 0.861, 0.82349998, 0.88849998, 0.8355, 0.95450002, 0.72399998, 0.79549998, 0.86000001, 0.84899998, 0.89899999, 0.764, 0.88099998, 0.875, 0.73799998];
reber_test_sdrnn=[0.84149998, 0.85699999, 0.8175, 0.74400002, 0.8545, 0.93900001, 0.98400003, 0.97600001, 0.85650003, 0.89399999, 0.93849999, 0.88099998, 0.91949999, 0.91949999, 0.89850003, 0.91100001, 0.84149998, 0.79650003, 0.97299999, 0.889, 0.83450001, 0.93699998, 0.8125, 0.84350002, 0.86699998, 0.89099997, 0.93800002, 0.77399999, 0.861, 0.87050003, 0.91750002, 0.87949997, 0.90700001, 0.90649998, 0.86900002, 0.88749999, 0.90200001, 0.92949998, 0.81900001, 0.86500001, 0.94499999, 0.89600003, 0.86000001, 0.9095, 0.76349998, 0.87849998, 0.88550001, 0.79500002, 0.85250002, 0.90350002, 0.88499999, 0.88, 0.76099998, 0.92250001, 0.935, 0.82550001, 0.92500001, 0.87400001, 0.93049997, 0.83099997, 0.91100001, 0.86900002, 0.87900001, 0.89050001, 0.75300002, 0.85750002, 0.91850001, 0.85250002, 0.81150001, 0.87849998, 0.85799998, 0.8405, 0.8495, 0.89850003, 0.92400002, 0.75, 0.87650001, 0.852, 0.84149998, 0.90399998, 0.95950001, 0.87150002, 0.91850001, 0.86849999, 0.88700002, 0.89300001, 0.86000001, 0.90850002, 0.91149998, 0.8495, 0.87099999, 0.81300002, 0.81599998, 0.889, 0.8865, 0.9145, 0.82200003, 0.97549999, 0.92549998, 0.90850002];

